16 16
*
2 2 3 20 2 2 3 20 2 2 3 20 2 2 3 20
1 2 1 2 2 3 20 2 2 3 20 2 2 3 20 20
1 3 4 1 2 2 3 20 2 2 3 20 2 2 3 20
2 2 3 20 2 2 3 20 2 2 3 20 2 2 3 20
2 2 3 20 2 2 3 20 2 2 3 20 2 2 3 20
2 2 3 20 2 2 3 20 2 2 3 20 2 2 3 20
2 2 3 20 2 2 3 20 2 2 3 20 2 2 3 20
2 2 3 20 2 2 3 20 2 2 3 20 2 2 3 20
2 2 3 20 2 2 3 20 2 2 3 20 2 2 3 20
2 2 3 20 2 2 3 20 2 2 3 20 2 2 3 20
2 2 3 20 2 2 3 20 2 2 3 20 2 2 3 20
2 2 3 20 2 2 3 20 2 2 3 20 2 2 3 20
2 2 3 20 2 2 3 20 2 2 3 20 2 2 3 20
2 2 3 20 2 2 3 20 2 2 3 20 2 2 3 20
2 2 3 20 2 2 3 20 2 2 3 20 2 2 3 20
2 2 3 20 2 2 3 20 2 2 3 20 2 2 3 20

2 2 3 20 2 2 3 20 2 2 3 20 2 2 3 20
1 2 1 2 2 3 20 2 2 3 20 2 2 3 20 20
1 3 4 1 2 2 3 20 2 2 3 20 2 2 3 20
2 2 3 20 2 2 3 20 2 2 3 20 2 2 3 20
2 2 3 20 2 2 3 20 2 2 3 20 2 2 3 20
2 2 3 20 2 2 3 20 2 2 3 20 2 2 3 20
2 2 3 20 2 2 3 20 2 2 3 20 2 2 3 20
2 2 3 20 2 2 3 20 2 2 3 20 2 2 3 20
2 2 3 20 2 2 3 20 2 2 3 20 2 2 3 20
2 2 3 20 2 2 3 20 2 2 3 20 2 2 3 20
2 2 3 20 2 2 3 20 2 2 3 20 2 2 3 20
2 2 3 20 2 2 3 20 2 2 3 20 2 2 3 20
2 2 3 20 2 2 3 20 2 2 3 20 2 2 3 20
2 2 3 20 2 2 3 20 2 2 3 20 2 2 3 20
2 2 3 20 2 2 3 20 2 2 3 20 2 2 3 20
2 2 3 20 2 2 3 20 2 2 3 20 2 2 3 20